laserScan: 
  header: 
    seq: 102136
    stamp: 
      secs: 1435782194
      nsecs: 605663750
    frame_id: laser
  angle_min: -1.57079637051
  angle_max: 1.56466042995
  angle_increment: 0.00613592332229
  time_increment: 9.76562514552e-05
  scan_time: 0.10000000149
  range_min: 0.019999999553
  range_max: 5.59999990463
  ranges: [0.32899999618530273, 0.3269999921321869, 0.3269999921321869, 0.3269999921321869, 0.3240000009536743, 0.32199999690055847, 0.32199999690055847, 0.32199999690055847, 0.3179999887943268, 0.31200000643730164, 0.31200000643730164, 0.29600000381469727, 0.29600000381469727, 0.3059999942779541, 0.29499998688697815, 0.29499998688697815, 0.29499998688697815, 0.29100000858306885, 0.29100000858306885, 0.29100000858306885, 0.2930000126361847, 0.30000001192092896, 0.3059999942779541, 0.3149999976158142, 0.3179999887943268, 0.3179999887943268, 0.3319999873638153, 0.3319999873638153, 0.34299999475479126, 0.34299999475479126, 0.34299999475479126, 0.34299999475479126, 0.3440000116825104, 0.3440000116825104, 0.3440000116825104, 0.3440000116825104, 0.34700000286102295, 0.34700000286102295, 0.34700000286102295, 0.35499998927116394, 0.35499998927116394, 0.34299999475479126, 0.33399999141693115, 0.3310000002384186, 0.3310000002384186, 0.3310000002384186, 0.3330000042915344, 0.3709999918937683, 0.3709999918937683, 0.37400001287460327, 0.3709999918937683, 0.36800000071525574, 0.36800000071525574, 0.37400001287460327, inf, inf, inf, inf, inf, inf, inf, inf, inf, inf, inf, inf, inf, inf, inf, inf, inf, inf, inf, inf, inf, inf, inf, inf, inf, inf, 0.23000000417232513, 0.22300000488758087, 0.22100000083446503, 0.22300000488758087, 0.22300000488758087, 0.22100000083446503, 0.22699999809265137, 0.23199999332427979, 0.23199999332427979, 0.23199999332427979, 0.23800000548362732, 0.23800000548362732, 0.23800000548362732, 0.24799999594688416, 0.22300000488758087, 0.22300000488758087, 0.22300000488758087, 0.22300000488758087, 0.22300000488758087, 0.23499999940395355, 0.23600000143051147, 0.23600000143051147, 0.23600000143051147, 0.23600000143051147, 0.23800000548362732, 0.23800000548362732, 0.23899999260902405, 0.23800000548362732, 0.23199999332427979, 0.23199999332427979, 0.22599999606609344, 0.22599999606609344, 0.2199999988079071, 0.2199999988079071, 0.2199999988079071, 0.22499999403953552, 0.22499999403953552, 0.22499999403953552, 0.2290000021457672, 0.23499999940395355, 0.23100000619888306, 0.23499999940395355, 0.23499999940395355, 0.23899999260902405, 0.2329999953508377, 0.23899999260902405, 0.2590000033378601, 0.25999999046325684, 0.25999999046325684, 0.2669999897480011, 0.2680000066757202, nan, inf, inf, inf, inf, nan, inf, inf, inf, inf, inf, inf, inf, inf, inf, inf, inf, inf, inf, inf, inf, inf, inf, inf, inf, inf, inf, inf, inf, inf, inf, inf, inf, inf, inf, inf, inf, inf, inf, inf, inf, inf, inf, inf, inf, inf, inf, inf, inf, inf, inf, inf, inf, inf, inf, inf, inf, inf, inf, inf, inf, inf, inf, inf, inf, inf, inf, inf, inf, inf, inf, inf, inf, inf, inf, inf, inf, inf, inf, inf, inf, inf, inf, inf, inf, inf, inf, inf, inf, inf, inf, inf, inf, inf, inf, inf, inf, inf, inf, inf, inf, inf, inf, inf, inf, inf, 0.5799999833106995, 0.5759999752044678, 0.5640000104904175, 0.5640000104904175, 0.5640000104904175, 0.5659999847412109, 0.5640000104904175, 0.5640000104904175, 0.5640000104904175, 0.5659999847412109, 0.5720000267028809, 0.6190000176429749, 0.6190000176429749, 0.6190000176429749, 0.5360000133514404, 0.5360000133514404, 0.5360000133514404, 0.550000011920929, 0.5649999976158142, 0.6399999856948853, 0.6399999856948853, 0.6399999856948853, 0.5690000057220459, 0.5519999861717224, 0.5490000247955322, 0.5490000247955322, 0.5490000247955322, 0.5490000247955322, 0.5590000152587891, 0.5799999833106995, 0.5879999995231628, 0.5879999995231628, 0.5899999737739563, 0.5879999995231628, 0.5899999737739563, 0.5849999785423279, 0.5849999785423279, 0.5830000042915344, 0.5740000009536743, 0.5740000009536743, 0.5799999833106995, 0.5789999961853027, 0.5799999833106995, 0.5799999833106995, 0.5789999961853027, 0.5669999718666077, 0.5630000233650208, 0.5630000233650208, 0.5669999718666077, 0.578000009059906, 0.578000009059906, 0.578000009059906, 0.5669999718666077, 0.5239999890327454, 0.5239999890327454, 0.5199999809265137, 0.5199999809265137, 0.5199999809265137, 0.5460000038146973, 0.5479999780654907, 0.5770000219345093, 0.5770000219345093, 0.5770000219345093, 0.5860000252723694, inf, inf, inf, inf, inf, inf, inf, inf, inf, inf, inf, inf, inf, inf, inf, inf, inf, inf, inf, inf, inf, inf, inf, inf, inf, inf, inf, inf, inf, inf, inf, inf, inf, inf, inf, inf, inf, inf, inf, inf, inf, inf, inf, nan, inf, inf, inf, 2.3949999809265137, 2.36299991607666, 2.3359999656677246, 2.2909998893737793, 2.246000051498413, 2.1649999618530273, 2.1480000019073486, 2.1470000743865967, 2.1059999465942383, 2.0840001106262207, 2.062000036239624, 2.052999973297119, 2.052999973297119, 2.062000036239624, 2.059999942779541, 2.059999942779541, 2.062000036239624, 2.065999984741211, 2.0969998836517334, 2.1080000400543213, 2.11899995803833, 2.11899995803833, 2.121999979019165, 2.125999927520752, 2.1480000019073486, 2.1649999618530273, 2.1710000038146973, 2.1740000247955322, 2.184999942779541, 2.194000005722046, 2.2249999046325684, 2.2260000705718994, 2.236999988555908, inf, inf, inf, inf, inf, inf, inf, inf, inf, inf, inf, inf, nan, 2.13700008392334, 2.13700008392334, 2.0999999046325684, 2.0980000495910645, 2.0980000495910645, 2.0980000495910645, 2.065999984741211, 2.0409998893737793, 2.0339999198913574, 2.013000011444092, 1.9989999532699585, 1.9910000562667847, 1.9730000495910645, 1.9730000495910645, 1.9520000219345093, 1.9390000104904175, 1.9299999475479126, 1.9259999990463257, 1.909999966621399, 1.8969999551773071, 1.8910000324249268, 1.8880000114440918, 1.878999948501587, 1.8730000257492065, 1.8619999885559082, 1.8489999771118164, 1.843000054359436, 1.8329999446868896, 1.8170000314712524, 1.812999963760376, 1.812000036239624, 1.805999994277954, 1.784999966621399, 1.781000018119812, 1.7799999713897705, 1.7630000114440918, 1.7549999952316284, 1.7549999952316284, 1.7389999628067017, 1.7350000143051147, 1.7259999513626099, 1.7259999513626099, 1.725000023841858, 1.7059999704360962, 1.7020000219345093, 1.7020000219345093, 1.7000000476837158, 1.6929999589920044, 1.6729999780654907, 1.6720000505447388, 1.6720000505447388, 1.6720000505447388, 1.652999997138977, 1.6469999551773071, 1.6460000276565552, 1.6419999599456787, 1.6369999647140503, 1.625, 1.6200000047683716, 1.6180000305175781, 1.6169999837875366, 1.6169999837875366, 1.6100000143051147, 1.6139999628067017, 1.6139999628067017, 1.5779999494552612, 1.5529999732971191, 1.5440000295639038, 1.5379999876022339, 1.5360000133514404, 1.5360000133514404, 1.5360000133514404, 1.5399999618530273, 1.5399999618530273, 1.5399999618530273, 1.534000039100647, 1.534000039100647, 1.5269999504089355, 1.5269999504089355, 1.5260000228881836, 1.5210000276565552, 1.5119999647140503, 1.503000020980835, 1.503000020980835, 1.503000020980835, 1.5, 1.4980000257492065, 1.49399995803833, 1.49399995803833, 1.49399995803833, 1.4930000305175781, 1.4930000305175781, 1.4789999723434448, 1.4759999513626099, 1.4759999513626099, 1.4789999723434448, 1.4789999723434448, 1.4759999513626099, 1.472000002861023, 1.472000002861023, 1.468000054359436, 1.4630000591278076, 1.4570000171661377, 1.4570000171661377, 1.4570000171661377, 1.4570000171661377, 1.468000054359436, 1.468000054359436, 1.4570000171661377, 1.4490000009536743, 1.4490000009536743, 1.4490000009536743, 1.4630000591278076, 1.4630000591278076, 1.4739999771118164, 1.4739999771118164, 1.4800000190734863, 1.4789999723434448,]
  intensities: []
stepAngle: 0.45